[NoteHead]

[Name]
accent

[SmoothLevel]
5000.0

[Layers]
1

[Viewport]
275,221,631,580

[Vertex]
12
352.0,250.0
0.0,0.0
0.0,0.0
0.0,0.0
0.0,0.0
0.0,0.0
0.0,0.0
601.0,399.0
352.0,550.0
301.0,299.0
300.0,500.0
474.0,401.0

[Edges]
6
0,1.0,0
10,-6.734492e-009,-50.0
1,-6.734492e-009,-50.0
0,1.0,0
1,25.67409,-42.90503
8,25.67409,-42.90503
0,1.0,0
8,25.9265,42.75297
9,25.9265,42.75297
0,1.0,0
9,-34.65544,36.04165
11,-34.65544,36.04165
0,1.0,0
11,-35.53078,-35.17902
12,-35.53078,-35.17902
0,1.0,0
12,-35.53255,35.17724
10,-35.53255,35.17724

[/NoteHead]

