[NoteHead]

[Name]
Single Bar Repeat

[SmoothLevel]
5000.0

[Layers]
1

[Viewport]
203,121,626,531

[Vertex]
10
500.0,200.0
550.0,200.0
300.0,450.0
250.0,450.0
306.0,235.0
521.0,419.0
321.0,257.0
500.0,400.0
0.0,0.0
0.0,0.0

[Edges]
6
0,1.0,0
1,-6.734492e-009,-50.0
2,-6.734492e-009,-50.0
0,1.0,0
2,35.44385,35.26661
3,35.44385,35.26661
0,1.0,0
3,0.9997905,49.99
4,0.9997905,49.99
0,1.0,0
4,-35.53168,-35.17811
1,-35.53168,-35.17811
2,1.0,0
5,36.04165,-34.65544
7,36.04165,-34.65544
2,1.0,0
8,33.71346,-36.92428
6,33.71346,-36.92428

[/NoteHead]

